169
170
247
248
162
164
86
163
74
161
72
149
66
165
76
167
78
159
70
155
68
279
287
281
289
283
291
156
69
160
71
162
73
164
166
77
168
284
292
285
293
149
66
159
70
161
72
163
74
165
76
167
78
68
286
294
124
119
120
121
126
127
128
129
136
117
115
114
161
116
71
163
116
73
116
67
169
170
247
248
156
150
162
156
150
162
261
270
263
272
265
274
51
53
55
57
51
53
55
57
66
68
72
74
76
66
68
72
74
76
147
148
147
148
147
148
146
146
146
56
56
56
142
142
142
54
54
54
140
140
140
52
52
52
138
138
138
155
149
266
275
268
277
86
163
74
161
72
149
66
165
76
167
78
159
70
155
68
269
278
124
119
120
121
126
127
128
129
136
117
115
114
116
67
169
170
247
248
156
150
162
156
150
162
261
270
263
272
265
274
155
149
155
149
266
275
267
276
125
119
120
121
114
113
169
170
247
248
72
76
279
287
281
289
282
290
122
79
81
82
83
84
80
119
120
121
114
79
81
82
83
84
80
113
169
170
247
248
162
156
162
156
251
256
253
258
155
155
254
259
62
63
64
61
61
255
260
124
119
120
121
126
127
128
129
136
117
115
114
116
60
249
250
86
163
74
161
72
149
66
165
76
167
78
159
70
155
68
295
296
119
120
121
126
127
132
133
136
114
113
169
170
247
248
53
197
202
198
203
122
79
81
82
83
84
80
119
120
121
114
79
81
82
83
84
80
113
169
170
247
248
147
148
146
138
85
139
55
137
53
149
51
141
57
143
59
207
220
209
222
210
223
122
79
81
82
83
84
80
119
120
121
114
79
81
82
83
84
80
113
169
170
247
248
233
240
235
242
236
243
237
244
125
119
120
121
114
169
170
247
248
147
148
146
138
140
85
139
55
137
53
149
51
141
57
143
59
207
220
209
222
211
224
212
225
214
227
52
138
215
228
54
140
216
229
142
217
230
58
144
218
231
219
232
124
119
120
121
126
127
128
129
136
117
115
114
169
170
247
248
147
148
146
138
140
85
139
55
137
53
149
51
141
57
143
59
197
202
199
204
147
148
146
52
138
54
140
56
142
58
144
200
205
201
206
85
139
55
137
53
149
51
141
57
143
59
124
119
120
121
126
127
128
129
136
117
115
114
137
116
52
139
116
54
169
170
247
248
183
190
185
192
186
193
187
194
125
119
120
121
114
113
169
170
247
248
147
148
146
138
147
148
146
138
173
178
175
180
149
149
149
137
137
141
141
149
149
149
176
181
47
48
49
46
46
177
182
124
119
120
121
126
127
128
129
136
117
115
114
116
45
171
172
85
139
55
137
53
149
51
141
57
143
59
116
45
171
172
85
139
55
137
53
149
51
141
57
143
59
171
172
85
139
55
137
53
149
51
141
57
143
59
150
150
150
116
45
171
172
85
139
55
137
53
149
51
141
57
143
59
171
172
85
139
55
137
53
149
51
141
57
143
59
137
52
137
52
137
52
169
170
247
248
147
148
146
138
183
190
185
192
186
193
188
195
85
139
55
137
53
149
51
141
57
143
59
189
196
124
119
120
121
126
127
128
129
136
117
115
114
85
139
55
137
53
149
51
141
57
143
59
52
116
52
169
170
247
248
147
148
146
138
233
240
235
242
236
243
238
245
239
246
124
119
120
121
126
127
128
129
136
117
115
114
149
149
149
149
139
149
139
151
141
143
137
153
151
141
143
137
153
149
139
151
141
143
137
153
149
149
149
145
145
145
145
145
145
147
148
146
56
142
54
140
52
138
147
148
146
56
142
54
140
52
138
147
148
146
56
142
54
140
52
138
149
149
149
139
139
139
151
151
151
141
141
141
143
143
143
137
137
137
153
153
153
149
145
149
149
150
149
149
139
151
141
143
137
153
149
145
145
149
139
151
141
143
137
153
149
145
149
139
151
141
143
137
153
149
145
149
145
149
149
150
149
149
139
151
141
143
137
153
149
145
145
149
139
151
141
143
137
153
149
145
149
139
151
141
143
137
153
149
145
149
145
149
149
150
149
149
139
151
141
143
137
153
149
145
145
149
139
151
141
143
137
153
149
145
149
139
151
141
143
137
153
149
145
149
149
149
149
149
139
151
141
143
139
151
141
143
137
153
137
153
149
139
151
141
143
137
153
149
149
139
151
141
143
137
153
149
149
149
149
139
139
151
141
143
151
137
153
141
143
137
153
149
149
149
139
139
151
141
143
137
153
151
141
143
137
153
149
139
151
141
143
137
153
149
139
151
141
143
137
153
139
151
141
143
137
153
149
139
151
141
143
137
153
75
166
73
164
71
162
67
156
75
166
73
164
71
162
67
156
75
166
73
164
71
162
67
156
149
139
151
141
149
139
151
141
143
137
153
149
143
145
137
153
149
139
151
141
143
137
153
149
145
149
145
149
139
151
141
143
137
153
149
145
149
139
151
141
143
137
153
149
145
149
139
151
141
143
137
153
149
145
155
155
149
149
149
149
155
149
149
150
150
150
149
149
149
155
149
155
149
163
151
165
159
167
161
153
163
151
165
159
167
161
153
149
155
163
151
165
159
167
161
153
149
155
149
155
157
149
155
157
157
155
155
155
157
157
157
158
158
158
157
157
149
149
155
155
157
149
155
75
166
73
164
71
162
67
156
75
166
73
164
71
162
67
156
149
139
151
141
143
137
153
149
145
149
149
139
151
141
143
137
153
149
139
145
149
139
151
141
143
137
153
149
145
149
151
141
143
137
153
149
145
149
75
166
73
164
71
162
67
156
149
139
151
141
143
137
153
149
145
149
139
151
141
143
137
153
149
145
149
155
155
155
163
163
163
151
151
151
165
165
159
159
165
167
167
159
161
167
153
161
161
153
153
149
155
157
149
155
157
155
155
149
149
149
149
150
150
149
149
149
155
163
151
165
159
167
161
153
149
155
157
149
155
163
151
165
159
167
161
153
149
155
157
155
155
157
158
157
149
157
155
158
157
149
155
149
139
151
141
143
137
153
149
139
151
141
143
137
153
149
149
145
145
149
149
139
151
141
143
137
153
149
139
145
151
149
141
155
143
137
153
149
163
145
151
165
159
149
155
163
151
165
159
167
161
153
149
155
157
149
155
163
151
165
159
167
161
153
149
155
157
149
149
155
163
151
165
159
167
161
153
149
167
149
161
155
153
163
149
151
155
157
149
155
163
151
165
159
167
161
153
149
155
157
165
159
167
161
153
149
149
149
155
163
151
165
159
167
161
153
149
149
155
163
151
165
159
167
161
153
149
149
155
157
155
149
149
150
149
149
155
163
151
165
159
167
161
153
149
155
157
155
157
158
157
149
155
149
139
151
141
143
137
153
149
145
149
139
151
141
143
137
153
149
145
149
155
163
151
165
159
167
161
153
149
155
157
149
155
163
151
165
159
167
161
153
149
155
157
149
149
155
163
151
165
159
167
161
153
149
155
149
155
163
151
163
151
165
159
167
161
153
165
149
159
167
161
153
155
163
149
151
165
159
167
161
153
155
163
151
165
159
167
161
153
149
155
163
151
165
159
167
161
153
155
163
151
165
159
167
161
153
149
155
163
151
165
159
167
161
153
87
88
89
87
88
89
87
88
89
50
52
90
101
92
103
90
101
92
103
90
101
92
103
295
2
1
3
4
3
4
169
170
247
248
96
107
251
256
253
258
6
5
173
178
175
180
6
5
147
148
146
56
142
54
140
52
138
149
149
150
149
155
149
139
151
141
143
137
153
155
254
259
62
63
64
61
61
255
260
124
119
120
121
126
127
128
129
136
117
115
149
145
145
147
148
146
56
142
54
140
52
138
149
139
151
141
143
137
153
149
145
149
149
150
149
149
139
151
141
143
137
153
149
145
145
149
139
151
141
143
137
153
149
145
149
139
151
141
143
137
153
149
145
149
149
139
151
141
143
137
153
149
149
139
151
141
143
137
153
149
139
151
141
143
137
153
149
139
151
141
143
137
153
75
166
73
164
71
162
67
156
149
139
151
141
143
137
153
149
145
149
139
151
141
143
137
153
149
145
147
148
146
137
147
148
146
137
139
141
176
181
47
48
49
46
46
177
182
124
119
120
121
126
127
128
129
136
117
115
155
149
149
150
149
149
155
163
151
165
159
167
161
153
149
155
157
155
157
158
157
149
155
75
166
73
164
71
162
67
156
149
139
151
141
143
137
153
149
145
149
139
151
141
143
137
153
149
145
149
155
163
112
151
165
112
159
167
161
153
113
149
155
157
155
149
149
150
149
149
155
163
151
165
159
167
161
153
149
155
157
155
157
158
157
149
155
149
139
151
141
143
137
153
149
145
149
139
151
141
143
137
153
149
145
149
155
163
151
165
159
167
161
153
149
155
157
149
155
163
151
165
159
167
161
153
149
155
157
113
149
149
155
163
151
165
159
167
161
153
149
149
155
163
151
165
159
167
161
153
149
155
163
151
165
159
167
161
153
149
155
163
151
165
159
167
161
153
114
114
87
88
89
116
116
90
101
92
103
45
171
172
85
139
55
137
53
149
51
141
57
143
59
50
52
54
56
58
96
107
296
119
120
121
126
127
132
133
136
112
113
114
116
96
107
60
249
250
86
163
74
161
72
149
66
165
76
167
78
159
70
155
68
65
67
69
71
73
75
77
96
107
118
119
120
121
126
127
136
118
119
120
121
126
127
136
115
115
116
116
117
114
116
47
48
49
46
45
117
114
116
51
62
63
64
61
53
55
60
57
59
66
46
45
68
72
74
76
78
61
60
147
148
146
56
142
54
140
52
138
147
148
146
56
142
54
140
52
138
149
149
149
149
150
150
149
149
139
151
141
143
137
153
149
145
145
147
148
146
56
142
54
140
52
138
149
139
149
151
141
143
149
139
151
141
143
137
153
137
153
149
145
149
149
150
149
149
139
151
141
143
137
153
149
145
145
149
139
151
141
143
137
153
149
145
149
139
151
141
143
137
153
149
145
149
149
139
151
141
143
137
153
149
149
139
151
141
143
137
153
149
139
151
141
143
137
153
149
139
151
141
143
137
153
75
166
73
164
71
162
67
156
149
139
151
141
143
137
153
149
145
149
139
151
141
143
137
153
149
145
149
145
145
147
148
146
56
142
54
140
52
138
149
139
155
151
149
149
141
143
150
137
153
149
145
149
149
150
149
149
139
151
141
143
137
153
149
145
145
149
139
151
141
143
137
153
149
145
149
139
151
141
143
137
153
149
145
149
149
139
151
141
143
137
153
149
149
139
151
141
143
137
153
149
139
151
141
143
137
153
149
139
151
141
143
137
153
75
166
73
164
71
162
67
156
149
139
151
141
143
137
153
149
145
149
139
151
141
143
137
153
149
145
155
149
149
149
150
149
155
163
151
165
159
167
161
153
149
155
157
155
149
157
158
157
149
155
75
166
73
164
71
162
67
156
149
139
151
141
143
137
153
149
145
149
139
151
141
143
137
153
149
145
149
155
149
155
163
151
165
159
167
161
153
163
151
149
155
157
155
165
157
159
158
157
149
155
75
166
73
164
71
162
67
156
149
139
151
141
143
137
153
149
145
149
139
151
141
143
137
153
149
145
149
155
167
163
161
151
153
149
155
157
165
155
149
149
150
149
149
155
163
151
165
159
167
161
153
149
155
157
155
157
158
157
149
155
149
139
151
141
143
137
153
149
145
149
139
151
141
143
137
153
149
145
149
155
163
151
165
159
167
161
153
149
155
157
149
155
163
151
165
159
167
161
153
149
159
155
157
149
149
155
163
151
165
159
167
161
153
149
149
155
163
151
165
159
167
161
153
149
155
163
151
165
159
167
161
153
149
155
163
167
151
165
159
167
161
153
161
153
149
155
157
155
149
149
87
88
89
150
149
149
155
163
151
165
159
167
161
153
149
155
157
155
157
158
157
149
155
149
139
151
141
143
137
153
149
145
149
139
151
141
143
137
153
149
145
149
155
163
151
165
159
167
161
153
149
155
157
149
155
163
151
165
159
167
161
153
149
155
157
149
149
155
163
151
165
159
167
161
153
149
149
155
163
151
165
159
167
161
153
149
155
163
151
165
159
167
161
153
149
155
163
151
165
159
167
161
153
87
88
89
50
72
74
65
50
67
90
101
92
103
69
71
73
75
77
90
101
92
103
1
3
4
169
170
183
190
185
192
2
3
4
247
248
7
10
9
12
5
66
72
74
76
78
65
67
69
71
73
75
77
279
287
281
289
283
291
156
69
160
71
162
73
164
166
77
168
284
292
13
19
15
21
152
16
22
154
17
23
5
149
155
149
149
150
149
149
155
163
151
165
159
167
161
153
149
155
157
157
157
18
24
147
148
146
43
44
5
149
149
149
155
163
151
165
159
167
161
153
149
155
157
149
139
151
141
143
137
153
149
145
186
193
188
195
85
139
55
137
53
149
51
141
57
143
59
189
196
124
119
120
121
126
127
128
129
136
117
115
112
113
114
116
50
52
54
56
58
96
107
118
119
120
121
126
127
136
115
116
117
114
116
51
53
55
57
59
149
149
155
163
151
165
159
167
161
153
149
155
163
151
165
159
167
161
153
285
293
149
66
159
70
161
72
163
74
165
76
167
78
68
286
294
124
119
120
121
126
127
128
129
136
117
115
112
113
114
116
65
67
69
71
73
75
77
96
107
118
119
120
121
126
127
136
115
116
117
114
116
66
68
72
74
76
78
65
71
71
73
73
147
148
146
56
142
54
140
52
138
149
149
150
149
149
139
151
141
143
137
153
149
145
147
148
146
56
142
54
140
52
138
145
147
148
146
56
142
54
140
52
138
149
139
151
141
143
137
153
149
145
149
149
150
149
149
139
151
141
143
137
153
149
145
145
149
139
151
141
143
137
153
149
145
149
139
151
141
143
137
153
149
145
149
149
139
151
141
143
137
153
149
149
139
151
141
143
137
153
149
139
151
141
143
137
153
149
139
151
141
143
137
153
75
166
73
164
71
162
67
156
149
139
151
141
143
137
153
149
145
149
139
151
141
143
137
153
149
145
155
149
149
150
149
149
155
163
151
165
159
167
161
153
149
155
157
155
157
158
157
149
155
75
166
73
164
71
162
67
156
149
139
151
141
143
137
153
149
145
149
139
151
141
143
137
153
149
145
149
155
149
149
150
163
151
165
159
167
161
153
149
155
157
155
149
149
150
149
149
155
163
151
165
159
167
161
153
149
155
157
155
157
158
157
149
155
149
139
151
141
143
137
153
149
145
149
139
151
141
143
137
153
149
145
149
155
163
151
165
159
167
161
153
149
155
157
149
155
163
151
165
159
167
161
153
149
155
157
149
149
155
163
151
165
159
167
161
153
149
149
155
163
151
165
159
167
161
153
149
155
163
151
165
159
167
161
153
149
155
163
151
165
159
167
161
153
87
88
89
50
53
55
50
52
54
149
56
58
149
139
151
141
143
137
153
90
101
92
103
149
145
145
147
148
146
56
142
54
140
52
138
149
139
151
141
143
137
153
149
145
149
149
150
149
149
139
151
141
143
137
153
149
145
145
149
139
151
141
143
137
153
149
145
149
139
151
141
143
137
153
149
145
149
149
139
151
141
143
137
153
149
149
139
151
141
143
137
153
149
139
151
141
143
137
153
149
139
151
141
143
137
153
75
166
73
164
71
162
67
156
149
139
151
141
143
137
153
149
145
149
139
151
141
143
137
153
149
145
155
149
149
150
149
149
155
163
151
165
159
167
161
153
149
155
157
155
157
158
157
149
155
75
166
73
164
71
162
67
156
149
139
151
141
143
137
153
149
145
149
139
151
141
143
137
153
149
145
149
155
163
151
165
159
167
161
153
149
155
157
155
149
149
150
149
149
155
163
151
165
159
167
161
153
149
155
157
155
157
158
157
149
155
149
139
151
141
143
137
153
149
145
149
139
151
141
143
137
153
149
145
149
155
163
151
165
159
167
161
153
149
155
157
149
155
163
151
165
159
167
161
153
149
155
157
149
149
155
163
151
165
159
167
161
153
149
149
155
163
151
165
159
167
161
153
149
155
163
151
165
159
167
161
153
149
155
163
151
165
159
167
161
153
87
88
89
50
65
90
101
92
103
1
3
4
169
170
51
53
55
57
59
50
52
54
56
58
207
220
209
222
211
224
7
10
9
12
5
2
3
4
247
248
261
270
263
272
265
274
6
5
147
148
146
149
149
149
139
151
141
143
137
153
149
145
212
225
214
227
52
138
215
228
54
140
216
229
142
217
230
58
144
218
231
25
30
27
32
154
28
33
5
149
139
151
141
143
137
153
149
145
29
34
43
44
5
149
139
151
141
143
137
153
149
145
149
139
151
141
143
137
153
149
139
151
141
143
137
153
149
139
151
141
143
137
153
219
232
124
119
120
121
126
127
128
129
136
117
115
112
113
114
116
96
107
118
119
120
121
126
127
136
115
114
113
155
149
266
275
268
277
86
163
74
161
72
149
66
165
76
167
78
159
70
155
68
269
278
124
119
120
121
126
127
128
129
136
117
115
112
113
114
116
65
67
69
71
73
75
77
96
107
118
119
120
121
126
127
136
115
116
117
114
116
66
68
72
74
76
78
67
147
148
146
56
142
54
140
52
138
149
149
150
149
149
139
151
141
143
137
153
149
145
145
147
148
146
56
142
54
140
52
138
149
139
151
141
143
137
153
149
145
149
149
150
149
149
139
151
141
143
137
153
149
145
145
149
139
151
141
143
137
153
149
145
149
139
151
141
143
137
153
149
145
149
149
139
151
141
143
137
153
149
149
139
151
141
143
137
153
149
139
151
141
143
137
153
149
139
151
141
143
137
153
75
166
73
164
71
162
67
156
149
139
151
141
143
137
153
149
145
149
139
151
141
143
137
153
149
145
155
149
149
150
149
149
155
163
151
165
159
167
161
153
149
155
157
155
157
158
157
149
155
75
166
73
164
71
162
67
156
149
139
151
141
143
137
153
149
145
149
139
151
141
143
137
153
149
145
149
155
163
151
165
159
167
161
153
149
155
157
155
149
149
150
149
149
155
163
151
165
159
167
161
153
149
155
157
155
157
158
157
149
155
149
139
151
141
143
137
153
149
145
149
139
151
141
143
137
153
149
145
149
155
163
151
165
159
167
161
153
149
155
157
149
155
163
151
165
159
167
161
153
149
155
157
149
149
155
163
151
165
159
167
161
153
149
149
155
163
151
165
159
167
161
153
149
155
163
151
165
159
167
161
153
149
155
163
151
165
159
167
161
153
87
88
89
50
90
101
92
103
1
3
4
169
170
233
240
235
242
7
10
9
12
5
147
148
146
149
149
149
139
151
141
143
137
153
149
145
236
243
238
245
35
39
37
41
5
149
139
151
141
143
137
153
149
145
38
42
43
44
5
149
139
151
141
143
137
153
149
145
145
149
149
239
246
124
119
120
121
126
127
128
129
136
117
115
112
113
114
116
96
107
118
119
120
121
126
127
136
115
114
113
147
148
146
56
142
54
140
52
138
149
149
150
149
149
139
151
141
143
137
153
149
145
145
147
148
146
56
142
54
140
52
138
149
139
151
141
143
137
153
149
145
149
149
150
149
149
139
151
141
143
137
153
149
145
145
149
139
151
141
143
137
153
149
145
149
139
151
141
143
137
153
149
145
149
149
139
151
141
143
137
153
149
149
139
151
141
143
137
153
149
139
151
141
143
137
153
149
139
151
141
143
137
153
75
166
73
164
71
162
67
156
149
139
151
141
143
137
153
149
145
149
139
151
141
143
137
153
149
145
155
149
149
150
149
149
155
163
151
165
159
167
161
153
149
155
157
155
157
158
157
149
155
75
166
73
164
71
162
67
156
149
139
151
141
143
137
153
149
145
149
139
151
141
143
137
153
149
145
149
155
163
151
165
159
167
161
153
149
155
157
155
149
149
150
149
149
155
163
151
165
159
167
161
153
149
155
157
155
157
158
157
149
155
149
139
151
141
143
137
153
149
145
149
139
151
141
143
137
153
149
145
149
155
163
151
165
159
167
161
153
149
155
157
149
155
163
151
165
159
167
161
153
149
155
157
149
149
155
163
151
165
159
167
161
153
149
149
155
163
151
165
159
167
161
153
149
155
163
151
165
159
167
161
153
149
155
163
151
165
159
167
161
153
87
88
89
53
55
50
52
54
56
58
90
101
92
103
1
3
4
169
170
51
53
55
57
59
50
52
54
56
58
197
202
199
204
147
148
146
52
138
54
140
56
142
58
144
200
205
13
19
15
21
152
16
22
154
17
23
5
149
149
149
150
149
149
139
151
141
143
137
153
149
145
145
145
18
24
43
44
5
149
139
151
141
143
137
153
149
145
149
149
139
151
141
143
137
153
149
139
151
141
143
137
153
201
206
85
139
55
137
53
149
51
141
57
143
59
124
119
120
121
126
127
128
129
136
117
115
112
113
114
116
50
52
54
56
58
96
107
118
119
120
121
126
127
136
115
116
117
114
116
51
53
55
57
59
50
52
52
54
54
